
power = 2780.97549916329
throughput = 15997.93
composite = 6670.07131650999
